1 1 1 1 1 1 1 1 1 1 1 1 1 1 1 1
1 32 30 30 30 30 30 30 30 30 30 30 30 30 33 1
1 31 29 29 29 29 29 29 29 29 44 29 29 29 31 1
1 31 29 29 43 29 29 29 29 29 29 29 29 29 31 1
1 31 29 29 29 29 43 29 29 29 29 29 45 29 31 1
1 31 29 29 44 29 29 29 29 29 29 29 29 29 31 1
1 31 29 29 29 29 29 29 29 29 29 29 29 29 31 1
1 31 46 29 29 29 29 29 44 29 43 29 29 29 31 1
1 31 29 29 29 29 29 29 29 29 29 29 29 29 31 1
1 31 29 29 43 29 29 43 29 29 46 29 29 29 31 1
1 35 30 30 30 30 30 30 30 30 30 30 30 30 34 1
1 1 1 0 1 1 1 1 1 1 1 1 1 1 1 1